start=1985.440000
speed=1.250000
border=no
aid=1
