start=12.000000
speed=1.250000
volume=86.000000
